var ml = require('../lib/machine_learning');

//  ----- REALLY INTERESTING (secret) DATA HERE -----------------------------------

var x = [01000011,01101100,01110101,01100101,00100000,00110100,00100000,00111010,00100000,01000011,01101111,01101110,01100111,01110010,01100001,01110100,01110011,00100001,00100000,01001110,01101111,01110111,00100000,01101000,01100101,01110010,01100101,00100111,01110011,00100000,01100001,00100000,01110000,01110101,01111010,01111010,01101100,01100101,00100000,01110100,01101111,00100000,01110011,01101111,01101100,01110110,01100101,00001010,00101101,00101110,00100000,00101110,00100000,00101110,00101101,00100000,00101110,00101101,00101110,00100000,00101110,00101101,00101110,00101110,00100000,00101101,00101110,00101101,00101101,00001010,00101101,00100000,00101110,00101110,00101110,00101110,00100000,00101110,00100000,00101110,00101101,00101110,00100000,00101110,00100000,00101101,00101110,00101101,00101110,00101101,00101101,00001010,00101110,00101101,00101101,00101110,00100000,00101101,00101110,00101101,00101101,00100000,00101110,00101110,00101110,00101110,00100000,00101110,00101101,00101110,00001010,00101110,00101110,00101110,00101110,00101110,00001010,00101101,00101101,00101101,00101110,00101110,00101110,00001010,00101110,00101110,00101101,00100000,00101101,00101110,00100000,00101101,00101110,00101101,00101101,00100000,00101110,00101110,00101110,00100000,00101101,00101110,00101110,00101110,00101110,00101101,00100000,00101110,00101101,00101101,00101101,00100000,00101101,00101110,00100000,00101110,00101101,00101110,00101110,00100000,00101101,00101110,00101101,00101110,00101101,00101101,00001010,00101101,00101110,00100000,00101101,00101110,00101101,00101110,00100000,00101101,00101110,00101101,00101110,00100000,00101101,00101110,00100000,00101110,00100000,00101110,00101101,00101110,00100000,00101110,00101101,00100000,00101101,00101101,00101110,00100000,00101101,00101110,00101101,00101101,00100000,00101110,00101101,00101110,00101110,00001010,00101101,00101101,00101110,00100000,00101110,00101110,00101101,00100000,00101110,00101101,00101110,00001010,00101101,00101101,00101110,00100000,00101110,00101110,00101101,00100000,00101110,00101110,00101110,00101101,00100000,00101110,00101101,00101110,00100000,00101110,00101110,00101110,00001010,00101110,00101110,00101101,00100000,00101101,00101110,00100000,00101110,00101110,00101101,00101110,00001010,00101110,00101110,00101101,00100000,00101110,00101110,00101110,00101101,00100000,00101101,00101101,00101110,00101101,00100000,00101101,00101101,00101110,00101101,00100000,00101110,00101101,00101110,00100000,00101110,00101101,00001010,00101110,00101110,00101101,00101110,00100000,00101101,00101110,00101110,00101110,00100000,00101101,00101101,00101110,00101110,00100000,00101110,00101101,00101110,00001010,00101110,00101110,00101110,00101101,00100000,00101110,00101101,00100000,00101110,00101110,00101110,00100000,00101101,00101110,00101110,00101110,00100000,00101110,00100000,00101101,00101101,00101110,00101110,00100000,00101101,00101110,00100000,00101101,00101101,00101110,00100000,00101110,00101110,00101110,00101101,00100000,00101101,00101110,00101110,00101110,00100000,00101110,00101101,00001010,00101101,00101110,00100000,00101101,00101101,00101101,00100000,00101101,00101110,00101110,00101110,00100000,00101110,00101110,00101110,00101110,00100000,00101101,00101101,00101110,00001010,00101101,00101101,00101110,00100000,00101110,00101110,00101101,00100000,00101110,00101101,00101110,00001010,00101101,00101110,00101101,00101101,00100000,00101101,00101110,00101110,00101110,00100000,00101110,00101101,00101101,00101110,00100000,00101101,00101110,00100000,00101101,00101101,00101110,00100000,00101110,00101110,00101110,00101101,00100000,00101101,00101110,00101110,00101110,00100000,00101110,00101101,00001010,00101101,00101110,00101110,00101110,00100000,00101110,00101110,00101110,00001010,00101101,00101101,00101110,00100000,00101110,00101110,00101101,00100000,00101110,00101101,00101110,00001010,00101101,00101110,00101110,00101101,00100000,00101110,00101101,00101110,00100000,00101110,00101101,00101110,00101110,00001010,00101110,00101101,00101101,00101101,00100000,00101110,00101110,00101110,00101101,00100000,00101101,00101101,00101110,00100000,00101110,00101110,00101101,00100000,00101110,00101110,00101110,00101101,00100000,00101110,00101101,00001010,00101101,00101110,00100000,00101110,00101101,00001010,00101110,00101110,00101110,00101101,00100000,00101101,00101101,00101110,00101110,00100000,00101101,00101110,00100000,00101101,00100000,00101110,00101101,00101110,00001010,00101110,00101110,00101110,00101101,00100000,00101110,00101101,00001010,00101101,00101101,00101110,00100000,00101110,00101110,00101101,00100000,00101110,00101101,00101110,00001010,00101110,00100000,00101110,00101101,00101110,00100000,00101101,00101110,00101101,00101110,00100000,00101101,00101110,00101110,00101110,00100000,00101110,00101110,00101101,00101110,00100000,00101110,00101110,00101110,00101101,00100000,00101101,00101101,00101110,00100000,00101101,00101110,00101110,00101110,00100000,00101110,00100000,00101110,00101101,00101110,00101110];

// ------------------------------------------------------------------------------
var y = [[1, 0],
         [1, 0],
         [1, 0],
         [0, 1],
         [0, 1],
         [0, 1]];

var classifier = new ml.LogisticRegression({
    'input' : x,
    'label' : y,
    'n_in' : 6,
    'n_out' : 2
});

classifier.set('log level',1);

var training_epochs = 800, lr = 0.01;

classifier.train({
    'lr' : lr,
    'epochs' : training_epochs
});

x = [[1, 1, 0, 0, 0, 0],
     [0, 0, 0, 1, 1, 0],
     [1, 1, 1, 1, 1, 0]];

console.log("Result : ",classifier.predict(x));
